*** MINI JEU DE DONNES : EXEMPLE AVEC SOLUTION

*** DONNEES

23 points (tous types confondus)
39 conduites

Coordonnées des 23 points (x,y,z=hauteur), unités = km
 -9.6   2.7  0.08394446
 -6.9   7.1  0.09969025
 -9.0   3.2  0.08757438
 -1.7   9.4  0.07859208
 -6.3   6.6  0.09795454
 -8.0   4.1  0.09254527
 -8.3   0.0  0.06546171
 -3.7   7.7  0.09001772
 -2.9   7.7  0.08740385
 -5.8   0.0  0.06384532
 -6.0   4.5  0.09171610
 -1.3   7.1  0.08500010
 -6.1   3.2  0.08564233
 -4.6   4.7  0.08941448
 -4.1   4.7  0.08835686
 -5.2   3.3  0.08463326
 -1.5   5.1  0.08664609
 -0.0   5.0  0.08933714
 -2.6   2.1  0.07603164
 -3.1   0.2  0.06363058
 -1.2   1.6  0.07571709
 -0.9   0.0  0.06600560
 -0.2   0.0  0.06870617

Matrice d'incidence A des conduites
     0  1  1  0  0  0  0  0  0  0  0  0  0  0  0  0  0  0  0  0  0  0  0  0  0  0  0  0  0  0  0  0  0  0  0  0  0  0  0
    -1  0  0 -1 -1  0  0  0  0  0  0  0  0  0  0  0  0  0  0  0  0  0  0  0  0  0  0  0  0  0  0  0  0  0  0  0  0  0  0
     0 -1  0  0  0  1 -1  0  0  0  0  0  0  0  0  0  0  0  0  0  0  0  0  0  0  0  0  0  0  0  0  0  0  0  0  0  0  0  0
     0  0  0  0  0  0  0  1  1  0  0  0  0  0  0  0  0  0  0  0  0  0  0  0  0  0  0  0  0  0  0  0  0  0  0  0  0  0  0
     0  0  0  1  0  0  0  0  0 -1 -1  0  0  0  0  0  0  0  0  0  0  0  0  0  0  0  0  0  0  0  0  0  0  0  0  0  0  0  0
     0  0 -1  0  0 -1  0  0  0  0  0 -1 -1  0  0  0  0  0  0  0  0  0  0  0  0  0  0  0  0  0  0  0  0  0  0  0  0  0  0
     0  0  0  0  0  0  0  0  0  0  0  0  0 -1  1  0  0  0  0  0  0  0  0  0  0  0  0  0  0  0  0  0  0  0  0  0  0  0  0
     1  0  0  0  0  0  0  0  0  0  0  0  0  0  0 -1 -1  0  0  0  0  0  0  0  0  0  0  0  0  0  0  0  0  0  0  0  0  0  0
     0  0  0  0  0  0  0 -1  0  0  0  0  0  0  0  1  0 -1 -1  0  0  0  0  0  0  0  0  0  0  0  0  0  0  0  0  0  0  0  0
     0  0  0  0  0  0  0  0  0  0  0  0  0  1  0  0  0  0  0 -1  0  0  0  0  0  0  0  0  0  0  0  0  0  0  0  0  0  0  0
     0  0  0  0  1  0  0  0  0  1  0  1  0  0  0  0  0  0  0  0 -1 -1  0  0  0  0  0  0  0  0  0  0  0  0  0  0  0  0  0
     0  0  0  0  0  0  0  0 -1  0  0  0  0  0  0  0  1  1  0  0  0  0  1  1  0  0  0  0  0  0  0  0  0  0  0  0  0  0  0
     0  0  0  0  0  0  1  0  0  0  0  0  1  0 -1  0  0  0  0  0  1  0  0  0 -1  1  0  0  0  0  0  0  0  0  0  0  0  0  0
     0  0  0  0  0  0  0  0  0  0  1  0  0  0  0  0  0  0  0  0  0  1  0  0  0 -1 -1 -1  0  0  0  0  0  0  0  0  0  0  0
     0  0  0  0  0  0  0  0  0  0  0  0  0  0  0  0  0  0  0  0  0  0  0  0  0  0  1  0 -1 -1  0  0  0  0  0  0  0  0  0
     0  0  0  0  0  0  0  0  0  0  0  0  0  0  0  0  0  0  0  0  0  0  0  0  1  0  0  1  1  0 -1 -1  0  0  0  0  0  0  0
     0  0  0  0  0  0  0  0  0  0  0  0  0  0  0  0  0  0  1  0  0  0 -1  0  0  0  0  0  0  1  0  0  1  0  0  0  0  0  0
     0  0  0  0  0  0  0  0  0  0  0  0  0  0  0  0  0  0  0  0  0  0  0 -1  0  0  0  0  0  0  0  0 -1  0  0  0  0  0  0
     0  0  0  0  0  0  0  0  0  0  0  0  0  0  0  0  0  0  0  0  0  0  0  0  0  0  0  0  0  0  1  0  0 -1 -1  0  0  0  0
     0  0  0  0  0  0  0  0  0  0  0  0  0  0  0  0  0  0  0  1  0  0  0  0  0  0  0  0  0  0  0  1  0  0  1  1  0  0  0
     0  0  0  0  0  0  0  0  0  0  0  0  0  0  0  0  0  0  0  0  0  0  0  0  0  0  0  0  0  0  0  0  0  1  0  0 -1 -1  0
     0  0  0  0  0  0  0  0  0  0  0  0  0  0  0  0  0  0  0  0  0  0  0  0  0  0  0  0  0  0  0  0  0  0  0 -1  1  0  1
     0  0  0  0  0  0  0  0  0  0  0  0  0  0  0  0  0  0  0  0  0  0  0  0  0  0  0  0  0  0  0  0  0  0  0  0  0  1 -1

Constante alpha = 10^6 (en mètre/heure)
Rayons des conduites = 1 mètre (tous égaux)

Points d'approvisionnement  = [2 6]
Débit maximaux extractibles = [10000 5000] (en m^3/h)
Coûts d'extraction          = [0.2 0.3] (en euros par m^3/h)

Points de consommation        = [1 4 10 20 23]
Débits minimaux consommables  = [200 200 200 200 200]
Débits maximaux consommables  = [4000 2000 2000 3000 2000]
Prix facturé                  = 0.9 (en euros par m^3/h, prix identique pour tous les points de consommation)

Points intérmédiaires       = Tous les autres points (càd [3 5 7 8 9 11 12 13 14 15 16 17 18 19 21 22])

*** SOLUTION

*** Modèle standard I.4
Optimal solution found.

Bénéfice = 6500.7 = 8872.3 (prix) - 2371.6 (couts)
Extraction aux sources :
Débits =   5858.1   4000.0 
Max    =  10000.0   5000.0 
Consommations :
Min    =    200.0    200.0    200.0    200.0    200.0 
Débits =   4000.0   2000.0    646.6   3000.0    211.6 
Max    =   4000.0   2000.0   2000.0   3000.0   2000.0 

*** Modèle conso extra avec réduction II.3
Optimal solution found.

Bénéfice = 6963.2 = 10897.3 (prix) - 2921.6 (couts) - 1012.5 (réduction 50%)
Extraction aux sources :
Débits =   7108.1   5000.0 
Max    =  10000.0   5000.0 
Consommations :
Min    =    200.0    200.0    200.0    200.0    200.0 
Débits =   5000.0   2500.0    646.6   3750.0    211.6 
Extras =   1000.0    500.0      0.0    750.0      0.0 
Max    =   4000.0   2000.0   2000.0   3000.0   2000.0 


